# Interplanetary shocks list from IPShocks.com
# Generated on 14.10.2025
# Columns:
# Year
# Month (1-12)
# Day (1-31)
# Hour (0-23)
# Minute (0-59)
# Second (0-59)
# Spacecraft
# Shock type
# Magnetic field ratio
# Speed jump (km/s)
# Proton density ratio
# Proton temperature ratio
# Alfven speed upstream (km/s)
# Magnetosonic speed upstream (km/s)
# Plasma beta upstream
# Shock normal X
# Shock normal Y
# Shock normal Z
# Shock theta (degrees)
# Shock speed (km/s)
# Magnetosonic Mach number
2021; 6;13;10; 8;41;     SolO;FF;1.50; 29.73; 1.66; 1.33; 67.91; 91.19; 0.97; 0.78; 0.48; 0.40;82.51; 395.56; 1.12
2021; 7;18;17;57;52;     SolO;FF;1.89; 25.59; 2.09; 1.93; 23.31; 57.88; 6.30; 0.81; 0.52; 0.26;78.83; 319.10; 1.05
2021; 7;19; 8;27;59;     SolO;FF;1.53; 32.79; 1.73; 1.20; 48.30; 79.19; 2.03; 0.61; 0.12; 0.79;70.65; 327.92; 1.51
2021; 7;31; 0;39;36;     SolO;FF;1.78; 36.46; 2.19; 1.23; 41.32; 71.34; 2.38; 0.99; 0.00; 0.15;59.25; 377.30; 0.94
2021; 9;25;18;26; 8;     SolO;FF;1.57; 27.92; 3.25; 1.76; 32.33; 67.14; 4.00; 0.88; 0.09;-0.47;26.90; 298.82; 0.82
2021;10;11; 7;32;24;     SolO;FF;1.84; 53.46; 1.73; 1.50; 38.49; 74.21; 3.30; 0.88;-0.42;-0.22;59.41; 479.00; 1.88
2021;10;14;23;13; 2;     SolO;FF;1.52; 32.92; 2.16; 0.95; 64.96; 92.25; 1.24; 0.72;-0.42;-0.56;27.98; 257.71; 0.50
2021;10;30;22; 2; 8;     SolO;FF;4.05; 88.77; 3.18; 4.16; 20.45; 59.60;10.14; 0.72; 0.00;-0.69;46.03; 392.71; 2.58
2021;11; 3;14; 4;28;     SolO;FF;2.39; 87.97; 2.15; 1.56; 75.01;100.86; 0.98; 0.60;-0.43;-0.68;52.16; 519.95; 2.52
2021;11;16; 4; 1;38;     SolO;FR;1.67; 40.93; 1.42; 1.14; 49.73; 95.48; 3.28;-0.84;-0.53;-0.10;83.65; 386.50; 1.50
2021;11;27;15; 5;18;     SolO;FR;2.35; 35.70; 1.60; 3.31; 28.72; 61.66; 4.37;-0.43;-0.81; 0.40;58.05;  87.17; 0.83
2021;11;27;22;59;43;     SolO;FF;2.61; 68.43; 2.60; 6.52; 35.61; 58.83; 2.09; 0.96; 0.29; 0.08;67.87; 404.75; 1.97
2021;12;27;10;16;31;     SolO;FF;1.75; 23.68; 2.14; 1.27; 35.73; 62.57; 2.69; 0.73; 0.22; 0.64;78.81; 288.03; 0.95
2022; 2;21;14;32;18;     SolO;FF;1.64; 48.53; 1.39; 1.49; 66.45; 95.43; 1.28; 0.84; 0.54;-0.06;75.89; 579.25; 2.06
2022; 3; 8;14;45;50;     SolO;FF;1.44; 45.62; 2.17; 1.62;106.27;124.29; 0.45; 0.99;-0.03; 0.17;50.61; 358.32; 0.72
2022; 3;11;19;52;22;     SolO;FF;1.83;282.15; 3.13;10.60;124.17;144.41; 0.43; 0.98;-0.21;-0.02;27.12; 755.85; 2.92
2022; 4; 3; 4;51;30;     SolO;FF;1.73;102.65; 2.11; 2.95; 98.23;134.87; 1.08; 0.61; 0.76; 0.22;83.34; 546.24; 1.38
2022; 5; 8; 8;15;17;     SolO;FF;1.72; 35.74; 1.78; 2.18; 53.16; 81.62; 1.64; 0.53; 0.64;-0.56;58.28; 364.68; 1.99
2022; 5;13;22;38;38;     SolO;FF;1.52; 39.15; 1.51; 1.44; 65.87; 93.06; 1.20; 0.87; 0.23;-0.44;60.23; 633.31; 1.68
2022; 6; 8;12; 4;25;     SolO;FF;2.10;147.36; 2.03; 2.76; 66.79;102.78; 1.65; 0.84; 0.29; 0.46;72.45; 799.33; 3.27
2022; 6;17; 0;40; 3;     SolO;FF;1.94; 82.00; 2.85; 3.29; 17.22; 57.10;12.47; 0.88; 0.48;-0.02;23.41; 419.96; 2.34
2022; 6;28; 8; 9;10;     SolO;FF;2.84;141.74; 2.88; 3.94; 45.36; 78.99; 2.45; 0.79; 0.62;-0.02;46.63; 574.26; 2.97
2022; 7; 3; 6; 0; 5;     SolO;FF;2.51; 91.38; 2.08; 2.46; 39.10; 66.84; 2.37; 0.73;-0.68; 0.02;31.01; 465.94; 2.86
2022; 7;21; 9;29;51;     SolO;FF;1.45; 23.63; 1.50; 1.09; 34.66; 62.72; 2.74; 0.79; 0.46;-0.41;81.27; 381.27; 1.22
2022; 7;25; 6;22;47;     SolO;FF;3.38;243.79; 2.42; 5.60; 49.51; 76.31; 1.67; 0.96; 0.19;-0.20;62.62; 831.05; 5.57
2022; 8; 1;14;17;49;     SolO;FF;1.47; 32.69; 1.45; 1.56; 62.30; 84.96; 1.03; 0.91; 0.21; 0.36;72.33; 491.75; 1.42
2022; 8;18; 2;56;47;     SolO;FR;1.74; 45.00; 2.06; 1.37; 72.04;108.63; 1.53;-0.03;-0.02; 1.00;50.70; 136.72; 0.70
2022; 8;29;11; 6;42;     SolO;FR;1.60; 88.85; 1.86; 2.09; 65.62; 97.99; 1.48;-1.00; 0.05; 0.02;11.46; 338.96; 1.95
2022; 8;30;13; 2; 3;     SolO;FF;2.03; 96.01; 2.35; 1.84; 51.01; 84.62; 2.11; 0.99; 0.12; 0.05;86.93; 625.90; 1.98
2022; 8;31;21;44;26;     SolO;FF;2.13;527.13; 3.47;12.12;125.58;147.29; 0.47; 0.82;-0.50;-0.29;22.05;1103.88; 4.62
2022; 9; 6;10; 0;52;     SolO;FF;1.74;360.98; 1.48; 5.58;166.54;200.41; 0.56; 0.72;-0.57; 0.39;29.63;1603.40; 6.16
2022; 9; 8;21; 0;43;     SolO;FF;1.63;132.43; 2.20; 2.49; 84.11;113.79; 1.00; 0.93; 0.00;-0.36;12.60; 710.72; 1.81
2022; 9;13;17;10;32;     SolO;FF;1.37; 26.16; 1.38; 1.34; 42.69; 77.09; 2.72; 0.99;-0.01; 0.16;29.65; 398.95; 1.12
2022;12; 7; 5;22; 8;     SolO;FR;1.34; 27.74; 1.39; 1.08; 67.73;100.34; 1.44;-0.52;-0.76; 0.38;88.53;  77.63; 1.75
2022;12;26; 5;21;27;     SolO;FF;2.31;135.32; 3.02; 2.25; 70.45; 97.32; 1.09; 0.94; 0.32; 0.12;69.10; 608.79; 2.16
2023; 1;13; 1;37;54;     SolO;FF;1.30; 55.13; 1.93; 1.70; 98.99;113.99; 0.39; 0.90; 0.23; 0.37;52.36; 477.61; 0.76
2023; 2;17;14; 3;30;     SolO;FF;1.61; 59.89; 1.59; 1.65; 68.34; 93.07; 1.03; 0.93;-0.17;-0.32;49.13; 511.16; 1.85
2023; 2;19; 9;58;46;     SolO;FF;1.98;118.82; 2.29; 4.35; 75.31; 98.63; 0.88; 0.85; 0.51;-0.11;32.71; 661.64; 2.84
2023; 2;20;22;48;50;     SolO;FF;1.31; 38.42; 1.44; 1.73; 73.85; 92.83; 0.70; 0.71; 0.44; 0.55;40.48; 414.34; 1.07
2023; 2;21; 3;35;55;     SolO;FF;1.74; 62.85; 1.64; 1.58; 80.25;102.68; 0.78; 0.81; 0.43; 0.40;71.37; 563.49; 1.91
2023; 2;21;16;59;20;     SolO;FF;1.34; 27.13; 1.49; 1.05; 62.42;101.57; 2.03; 0.71; 0.27; 0.65;72.68; 485.22; 1.31
2023; 3;14; 1; 8;28;     SolO;FF;3.14;186.36; 3.38; 2.44; 56.04; 90.99; 2.06; 0.97;-0.21; 0.15;64.84; 661.80; 2.96
2023; 4;10; 4;33;38;     SolO;FF;1.81; 83.20; 1.28; 2.78; 74.40;112.35; 1.54; 0.77;-0.47;-0.44;35.92; 782.94; 4.76
2023; 4;22; 8; 2; 9;     SolO;FF;1.93; 55.03; 2.00; 1.38; 61.70; 94.24; 1.61; 0.59; 0.43; 0.69;47.89; 350.55; 1.35
2023; 6; 4; 3; 7;15;     SolO;FR;2.02;114.45; 2.08; 2.37; 44.77; 88.75; 3.55;-0.98; 0.00;-0.19;23.05; 406.03; 2.49
2023; 6;12; 4;57;24;     SolO;FR;1.40; 44.93; 1.44; 1.24;100.44;131.86; 0.87;-0.89; 0.07; 0.45;47.05; 385.25; 1.25
2023; 7;13;17;33; 3;     SolO;FF;1.61; 54.68; 1.24; 1.78; 68.55; 88.10; 0.78; 0.77;-0.46; 0.45;43.61; 632.40; 4.07
2023; 7;13;20;37;59;     SolO;FF;1.51; 67.22; 1.41; 2.27;112.98;127.42; 0.33; 0.88; 0.28;-0.39;67.11; 598.99; 2.17
2023; 7;14; 0;30; 1;     SolO;FF;1.64; 94.61; 1.54; 1.44;109.44;130.81; 0.52; 0.96; 0.12;-0.26;53.50; 630.18; 2.07
2023; 7;18; 6; 9;43;     SolO;FF;1.95; 42.78; 2.02; 1.86; 36.33; 67.25; 3.10; 0.94; 0.33;-0.07;75.76; 510.21; 1.31
2023; 7;18; 8;59;26;     SolO;FF;1.42; 51.40; 1.37; 2.60;102.88;115.89; 0.33; 0.78; 0.13;-0.62;64.37; 600.35; 2.05
2023; 7;18;17; 6;50;     SolO;FF;2.43;154.55; 2.27; 2.51; 68.38;109.10; 1.88; 0.87; 0.50; 0.03;39.72; 766.49; 2.77
2023; 7;24;12; 7;31;     SolO;FF;1.95; 63.06; 2.12; 1.73; 48.21; 78.01; 1.95; 0.68;-0.41; 0.62;81.89; 414.65; 1.52
2023; 7;26; 1;22;45;     SolO;FF;1.64;287.91; 3.18; 5.26; 73.51;109.59; 1.55; 0.71;-0.39; 0.59;28.52; 873.56; 3.67
2023; 7;31; 6;38;58;     SolO;FF;1.48; 56.45; 1.63; 2.83; 51.10; 76.83; 1.52; 0.88;-0.08;-0.46;12.29; 451.02; 1.83
2023; 8; 4; 1;29;11;     SolO;FF;1.65; 55.23; 1.63; 2.48; 47.40; 73.86; 1.74; 0.95; 0.25;-0.19;43.37; 463.18; 2.01
2023; 8;10;11;48; 5;     SolO;FF;2.14;107.29; 2.10; 4.15; 43.10; 70.36; 2.00; 1.00; 0.07;-0.03;23.66; 532.97; 2.87
2023; 9; 3; 7;13; 9;     SolO;FF;1.38; 30.71; 1.61; 1.83; 45.35; 77.70; 2.58; 0.89;-0.05;-0.45;47.67; 439.66; 1.19
2023; 9; 8;19;32;15;     SolO;FF;2.74;134.20; 2.53; 3.27; 34.30; 74.68; 4.51; 0.95;-0.19;-0.25;81.43; 722.17; 3.05
2023; 9; 9;10;41;52;     SolO;FF;1.67;186.82; 2.08; 9.76; 85.93;108.06; 0.71; 0.80;-0.45;-0.40; 1.85; 804.26; 3.24
2023; 9;13; 3;13;38;     SolO;FF;1.95;134.35; 2.02; 4.59; 65.94; 98.08; 1.47; 0.75;-0.63;-0.18;30.57; 646.27; 3.43
2023; 9;20; 0;47;21;     SolO;FF;1.95; 68.16; 2.42; 2.48; 48.14; 79.58; 2.09; 0.91; 0.41; 0.13;49.75; 375.77; 1.56
2023;10;17;10;24; 0;     SolO;FF;2.07;171.71; 1.90; 4.40; 87.31;119.82; 1.06; 0.87;-0.50;-0.01;28.93; 738.04; 3.56
2023;11;25; 0;30;50;     SolO;FF;1.53; 64.33; 2.24; 2.68; 64.08; 90.14; 1.18; 0.87;-0.06; 0.49;64.50; 529.61; 1.28
2023;11;29; 7;51; 9;     SolO;FF;1.67; 40.02; 1.72; 2.01; 43.02; 69.75; 1.97; 0.98; 0.04;-0.19;39.88; 420.16; 1.45
2023;11;30;10;47;27;     SolO;FF;2.50;114.55; 2.47; 1.78; 49.96; 75.02; 1.51; 1.00;-0.05; 0.00;83.00; 546.01; 2.57
2023;12; 1; 2;26;39;     SolO;FF;1.83; 48.16; 2.21; 1.70; 50.15; 75.71; 1.57; 0.97; 0.20;-0.12;63.08; 538.14; 1.24
2023;12;10;21;14;30;     SolO;FF;2.25; 45.11; 2.98; 2.86; 14.12; 51.28;14.77; 0.95; 0.30; 0.08;61.86; 352.89; 1.39
2023;12;27;22;22;21;     SolO;FF;1.75; 44.20; 1.73; 1.77; 32.86; 62.76; 3.19; 0.68;-0.62;-0.40;26.60; 341.92; 1.94
2023;12;29; 2;28;11;     SolO;FF;2.15; 49.38; 2.48; 1.09; 26.23; 58.41; 4.80; 0.99; 0.13;-0.06;77.09; 374.17; 1.42
